150 61
0 0 2 7 54 1 54:2.0
1 10917 14 16 19 24 37 40 41 45 46 68 75 97 103 115 118 1 57:14.0
2 11156 3 28 43 52 1 28:3.0
3 11179 27 22 35 36 38 46 55 58 61 62 63 65 75 89 90 93 95 99 104 105 108 112 119 125 126 142 143 146 1 107:27.0
4 11271 13 7 19 24 40 41 46 68 75 103 115 118 138 142 1 75:13.0
5 11461 26 17 22 35 36 44 46 58 61 62 63 75 88 89 90 93 95 101 104 112 119 125 126 132 142 143 146 1 3:26.0
6 11478 27 22 35 36 38 46 55 58 61 62 63 65 75 89 90 93 95 99 104 105 108 112 119 125 126 142 143 146 1 5:27.0
7 11853 14 7 16 19 22 24 45 46 68 69 75 103 115 138 142 1 76:14.0
8 12208 28 4 6 8 16 30 31 38 51 55 59 69 71 75 76 77 79 80 94 95 99 106 107 112 118 122 138 142 149 9 14:364.0 34:364.0 37:308.0 65:308.0 81:364.0 104:308.0 116:308.0 137:308.0 148:364.0
9 12785 2 52 103 1 97:62.0
10 13042 7 12 13 19 35 41 69 89 1 41:7.0
11 13289 27 4 8 16 30 31 34 38 43 51 55 59 69 71 75 76 77 79 94 95 99 106 107 112 122 138 142 149 8 12:324.0 77:351.0 82:324.0 83:324.0 89:324.0 92:324.0 116:324.0 139:621.0
12 14117 14 4 7 16 19 24 41 46 68 69 75 103 118 138 142 1 75:14.0
13 14764 27 16 17 22 34 36 43 44 52 61 62 65 75 78 79 83 86 88 95 99 104 112 124 125 126 132 142 143 1 124:27.0
14 15655 1 127 48 2:1.0 7:1.0 10:3.0 11:1.0 15:2.0 16:2.0 18:1.0 19:1.0 20:1.0 21:1.0 23:2.0 26:2.0 27:1.0 30:1.0 31:1.0 32:1.0 34:1.0 37:1.0 44:4.0 46:1.0 47:1.0 48:1.0 49:1.0 54:1.0 56:1.0 58:1.0 59:1.0 60:1.0 64:1.0 65:1.0 67:2.0 68:1.0 69:2.0 70:1.0 71:1.0 72:1.0 75:1.0 78:1.0 88:1.0 90:1.0 94:1.0 114:1.0 119:1.0 124:1.0 127:1.0 131:1.0 140:1.0 147:1.0
15 16893 48 0 1 2 3 4 5 7 8 9 10 11 12 13 14 15 16 17 18 19 20 21 22 23 24 25 27 28 29 30 40 43 45 46 47 48 49 50 51 52 53 54 55 56 68 70 71 72 73 143 0:240.0 1:96.0 2:144.0 3:240.0 4:288.0 5:432.0 6:96.0 7:336.0 8:336.0 9:144.0 10:336.0 11:336.0 12:432.0 13:144.0 14:528.0 15:144.0 16:288.0 17:288.0 18:288.0 19:288.0 20:288.0 21:288.0 22:240.0 23:336.0 24:96.0 25:336.0 26:288.0 27:96.0 28:288.0 29:96.0 30:432.0 31:432.0 32:240.0 33:240.0 34:96.0 35:144.0 36:144.0 37:336.0 38:144.0 40:288.0 41:240.0 43:288.0 44:288.0 45:432.0 46:336.0 47:528.0 48:288.0 49:240.0 50:144.0 51:240.0 52:144.0 53:240.0 54:240.0 55:144.0 56:432.0 57:144.0 58:480.0 59:240.0 60:240.0 61:96.0 62:288.0 63:240.0 64:480.0 65:288.0 66:288.0 67:240.0 68:240.0 69:144.0 70:96.0 71:96.0 72:144.0 73:480.0 74:288.0 75:144.0 76:240.0 77:96.0 78:96.0 79:240.0 80:240.0 81:240.0 82:288.0 83:288.0 84:336.0 85:480.0 86:96.0 87:144.0 88:288.0 89:336.0 90:240.0 91:240.0 92:336.0 93:240.0 94:288.0 95:528.0 96:288.0 97:528.0 98:432.0 99:240.0 100:240.0 101:336.0 102:336.0 103:96.0 104:144.0 105:288.0 106:288.0 107:144.0 108:240.0 109:240.0 112:288.0 113:432.0 114:336.0 115:144.0 116:288.0 117:96.0 118:336.0 119:96.0 120:96.0 121:144.0 122:96.0 123:240.0 124:240.0 125:336.0 126:144.0 127:288.0 128:96.0 129:432.0 130:240.0 131:240.0 132:240.0 133:144.0 134:240.0 135:240.0 136:240.0 137:240.0 138:240.0 139:288.0 141:144.0 142:240.0 143:336.0 145:528.0 146:288.0 147:288.0 148:240.0
16 19779 1 123 1 79:1.0
17 19922 1 48 1 44:1.0
18 20863 1 48 1 77:1.0
19 21109 27 34 35 36 38 43 55 58 62 65 71 75 78 83 89 90 93 99 101 104 108 109 112 116 125 126 142 146 1 106:27.0
20 21501 28 4 8 16 30 31 38 51 55 59 68 69 71 75 76 77 79 94 95 99 106 107 112 115 122 133 138 142 149 9 3:84.0 6:28.0 10:28.0 28:28.0 85:28.0 88:28.0 91:28.0 92:28.0 118:28.0
21 23858 89 1 2 3 4 6 8 10 12 13 17 18 20 23 24 25 26 29 31 32 33 35 36 38 41 43 46 49 51 52 55 56 57 58 61 62 63 64 68 69 71 72 73 79 81 83 85 86 87 88 91 92 94 96 97 98 100 101 102 103 104 105 108 109 113 115 116 117 120 121 122 123 124 125 126 128 130 131 133 134 135 136 137 139 141 142 143 146 147 149 40 6:1335.0 7:1335.0 8:1335.0 9:1335.0 12:1335.0 13:1335.0 14:1335.0 16:1335.0 18:1335.0 19:2670.0 20:1335.0 33:1335.0 41:1335.0 46:1335.0 50:1335.0 58:2670.0 60:1335.0 68:2670.0 70:1335.0 71:1335.0 72:1335.0 75:1335.0 79:1335.0 80:1335.0 89:1335.0 93:1335.0 99:1335.0 102:1335.0 103:1335.0 115:1335.0 116:1335.0 117:1335.0 119:2670.0 121:1335.0 122:1335.0 128:1335.0 131:1335.0 135:2670.0 140:1335.0 143:1335.0
22 24645 27 17 22 34 35 36 38 43 44 55 58 63 65 78 86 89 95 99 101 104 109 112 116 124 125 126 142 143 1 101:27.0
23 24931 29 4 8 16 25 30 31 38 51 55 59 69 71 75 76 77 78 79 94 95 99 106 107 112 121 122 125 138 142 149 9 2:319.0 7:319.0 57:319.0 61:348.0 86:319.0 96:319.0 113:319.0 125:319.0 139:319.0
24 25339 2 36 123 1 55:152.0
25 25430 12 24 37 40 41 45 46 68 75 115 118 136 138 1 124:12.0
26 25444 23 16 35 36 38 43 50 62 65 71 75 78 83 89 90 93 95 99 105 108 109 125 126 132 1 33:23.0
27 25474 14 16 19 37 40 41 45 46 68 75 89 115 118 136 138 1 95:14.0
28 26051 147 0 1 2 3 4 5 6 7 8 9 10 11 12 13 14 15 16 17 18 19 20 21 22 23 24 25 26 27 28 29 30 31 32 33 34 35 36 37 38 40 41 42 43 44 45 46 47 48 49 50 51 52 53 54 55 56 57 58 59 60 61 62 63 64 65 66 67 68 69 70 71 72 73 74 75 76 77 78 79 80 81 82 83 84 85 86 87 88 89 90 91 92 93 94 95 96 97 98 99 100 101 102 103 104 105 106 107 108 109 112 113 114 115 116 117 118 119 120 121 122 123 124 125 126 127 128 129 130 131 132 133 134 135 136 137 138 139 140 141 142 143 144 145 146 147 148 149 14 6:147.0 9:147.0 28:147.0 54:147.0 59:147.0 63:147.0 70:147.0 73:147.0 76:147.0 84:147.0 86:147.0 115:147.0 130:147.0 136:147.0
29 26223 29 1 4 8 13 16 20 30 31 38 51 55 59 69 71 75 76 77 79 94 95 99 106 107 112 122 138 140 142 149 9 18:29.0 47:87.0 48:29.0 59:29.0 63:87.0 69:29.0 71:29.0 76:87.0 95:29.0
30 27416 13 4 16 19 22 37 40 41 68 75 89 97 136 138 1 94:13.0
31 27506 29 4 8 14 16 19 22 30 31 38 41 51 55 59 69 71 75 76 77 79 94 95 99 106 107 112 122 133 138 142 9 1:348.0 8:348.0 78:348.0 79:348.0 82:348.0 88:348.0 92:348.0 96:348.0 123:348.0
32 28707 28 16 17 22 34 36 38 43 44 55 58 61 63 65 71 75 78 79 89 93 95 99 101 124 125 126 142 143 146 1 58:28.0
33 29227 5 25 26 37 85 135 1 46:5.0
34 34275 2 30 144 1 58:42.0
35 36709 7 25 31 62 83 114 129 140 1 114:7.0
36 41001 1 147 1 48:1.0
37 41391 1 1 1 43:1.0
38 41742 1 73 1 46:1.0
39 42244 1 69 1 58:1.0
40 42825 1 14 1 37:1.0
41 44874 1 13 1 71:1.0
42 48446 3 71 92 95 64 2:3.0 3:3.0 4:3.0 6:3.0 7:3.0 8:3.0 9:3.0 11:3.0 12:3.0 13:3.0 16:3.0 17:3.0 20:3.0 21:3.0 22:6.0 23:3.0 24:3.0 25:3.0 26:3.0 27:3.0 28:3.0 29:3.0 33:3.0 37:3.0 38:3.0 40:3.0 41:3.0 43:3.0 47:3.0 48:3.0 49:3.0 50:3.0 51:3.0 55:3.0 56:3.0 59:3.0 60:3.0 61:3.0 62:3.0 63:3.0 64:3.0 65:3.0 66:3.0 67:3.0 68:3.0 70:3.0 71:3.0 73:3.0 75:3.0 77:3.0 79:3.0 80:3.0 81:3.0 82:3.0 95:3.0 96:3.0 107:3.0 109:3.0 112:3.0 113:3.0 132:3.0 135:3.0 136:3.0 148:3.0
43 51287 13 5 10 12 17 24 28 30 46 49 52 56 70 72 1 25:13.0
44 51588 1 49 1 57:1.0
45 51774 1 17 1 52:1.0
46 53805 1 43 1 17:1.0
47 54451 1 69 1 145:423.0
48 55073 4 60 89 125 126 15 14:8.0 22:8.0 31:8.0 35:8.0 45:8.0 51:20.0 54:12.0 55:8.0 60:8.0 68:8.0 89:8.0 99:8.0 102:8.0 115:8.0 118:8.0
49 56341 1 56 1 74:1.0
50 58257 4 47 91 99 125 1 141:4.0
51 60183 3 17 77 147 1 54:180.0
52 64566 1 43 1 37:583.0
53 68063 1 16 1 16:1.0
54 80325 10 1 8 13 30 54 65 76 79 102 129 3 6:710.0 30:710.0 89:580.0
55 81030 5 48 63 87 89 126 2 125:5.0 136:5.0
56 81075 27 17 22 34 35 43 44 58 62 63 65 71 75 82 88 89 90 93 95 104 105 106 109 124 132 142 143 146 1 31:27.0
57 81176 13 16 19 22 29 40 41 45 68 89 103 115 138 142 1 27:13.0
58 81233 29 12 16 17 22 34 35 36 38 43 44 62 63 65 71 75 82 89 93 95 104 105 109 116 124 126 132 142 143 146 1 104:29.0
59 81276 13 4 16 22 37 40 41 45 68 69 75 89 136 138 1 143:13.0
60 81408 28 16 17 22 35 43 50 62 63 65 71 75 86 88 89 93 95 99 104 105 106 108 109 116 124 125 132 142 143 1 104:28.0
