18 216
0 0 1 0 1 176:32
1 50.82 1 1 1 124:32
2 145.39 1 2 1 46:32
3 190.12 1 3 1 9:32
4 358.66 1 4 1 147:32
5 556.47 1 5 1 178:32
6 633.96 1 6 1 54:32
7 1059.75 1 7 1 3:32
8 1357.41 1 8 1 121:32
9 1411.15 1 9 1 104:32
10 1533.4 1 10 1 158:32
11 1579.0 1 11 1 213:32
12 1592.75 1 12 1 10:32
13 1648.28 1 13 1 193:32
14 1764.58 1 14 1 206:32
15 1781.25 1 15 1 38:32
16 1789.76 1 16 1 4:32
17 1821.36 1 17 1 131:32
18 1874.18 1 18 1 189:32
19 1887.79 1 19 1 20:32
20 2095.07 1 20 1 169:32
21 2111.24 1 21 1 161:32
22 2135.72 1 22 1 48:32
23 2180.66 1 23 1 79:32
24 2361.83 1 24 1 152:32
25 2419.98 1 25 1 50:32
26 2430.39 1 26 1 44:32
27 2558.63 1 27 1 108:32
28 3055.49 1 28 1 110:32
29 3342.86 1 29 1 122:32
30 3499.09 1 30 1 13:32
31 3751.73 1 31 1 8:32
32 3848.9 1 32 1 115:32
33 3932.3 1 33 1 74:32
34 4076.61 1 34 1 177:32
35 4241.38 1 35 1 128:32
36 4269.19 1 36 1 41:32
37 4310.47 1 37 1 12:32
38 4935.41 1 38 1 127:32
39 4951.28 1 39 1 154:32
40 4955.53 1 40 1 175:32
41 4987.9 1 41 1 151:32
42 5065.81 1 42 1 200:32
43 5133.49 1 43 1 59:32
44 5339.11 1 44 1 7:32
45 5416.96 1 45 1 93:32
46 5525.71 1 46 1 156:32
47 5707.35 1 47 1 62:32
48 5792.69 1 48 1 6:32
49 5921.66 1 49 1 153:32
50 5959.02 1 50 1 164:32
51 6172.54 1 51 1 40:32
52 6176.5 1 52 1 1:32
53 6344.69 1 53 1 191:32
54 6352.33 1 54 1 215:32
55 6487.27 1 55 1 39:32
56 6727.21 1 56 1 143:32
57 6862.02 1 57 1 133:32
58 6976.65 1 58 1 66:32
59 6984.39 1 59 1 167:32
60 7366.09 1 60 1 212:32
61 7405.48 1 61 1 28:32
62 7429.52 1 62 1 134:32
63 7579.54 1 63 1 80:32
64 7822.66 1 64 1 184:32
65 8207.4 1 65 1 142:32
66 8362.9 1 66 1 203:32
67 8577.2 1 67 1 159:32
68 8825.32 1 68 1 181:32
69 8862.22 1 69 1 149:32
70 8869.38 1 70 1 81:32
71 8889.17 1 71 1 205:32
72 9002.23 1 72 1 101:32
73 9147.27 1 73 1 76:32
74 9222.12 1 74 1 15:32
75 9435.04 1 75 1 197:32
76 9520.28 1 76 1 123:32
77 9549.04 1 77 1 105:32
78 9676.27 1 78 1 157:32
79 9926.25 1 79 1 125:32
80 10136.63 1 80 1 25:32
81 10157.43 1 81 1 30:32
82 10340.03 1 82 1 129:32
83 10409.95 1 83 1 116:32
84 10592.49 1 84 1 21:32
85 10718.0 1 85 1 72:32
86 10750.11 1 86 1 209:32
87 10815.13 1 87 1 55:32
88 11030.94 1 88 1 211:32
89 11161.43 1 89 1 58:32
90 11330.3 1 90 1 26:32
91 11357.37 1 91 1 198:32
92 11399.47 1 92 1 100:32
93 11656.76 1 93 1 36:32
94 11715.73 1 94 1 83:32
95 12061.84 1 95 1 16:32
96 12418.73 1 96 1 96:32
97 12424.92 1 97 1 71:32
98 12625.46 1 98 1 75:32
99 12663.07 1 99 1 34:32
100 12709.46 1 100 1 146:32
101 12709.81 1 101 1 94:32
102 12829.09 1 102 1 107:32
103 12949.14 1 103 1 37:32
104 13204.7 1 104 1 33:32
105 13299.21 1 105 1 49:32
106 13754.94 1 106 1 109:32
107 13834.65 1 107 1 23:32
108 14008.36 1 108 1 137:32
109 14024.14 1 109 1 35:32
110 14052.78 1 110 1 150:32
111 14067.27 1 111 1 31:32
112 14231.02 1 112 1 136:32
113 14396.43 1 113 1 53:32
114 14678.29 1 114 1 171:32
115 14714.74 1 115 1 60:32
116 15035.23 1 116 1 168:32
117 15076.99 1 117 1 42:32
118 15084.55 1 118 1 82:32
119 15117.9 1 119 1 106:32
120 15357.65 1 120 1 56:32
121 15410.51 1 121 1 5:32
122 15604.82 1 122 1 155:32
123 15775.71 1 123 1 210:32
124 16040.73 1 124 1 162:32
125 16066.18 1 125 1 182:32
126 16125.33 1 126 1 126:32
127 16208.15 1 127 1 84:32
128 16372.65 1 128 1 112:32
129 16495.9 1 129 1 114:32
130 16529.53 1 130 1 194:32
131 16595.78 1 131 1 111:32
132 16667.25 1 132 1 98:32
133 16790.16 1 133 1 29:32
134 16793.69 1 134 1 185:32
135 16937.32 1 135 1 14:32
136 17077.94 1 136 1 118:32
137 17161.51 1 137 1 201:32
138 17360.59 1 138 1 24:32
139 17411.88 1 139 1 145:32
140 17418.59 1 140 1 91:32
141 17481.23 1 141 1 117:32
142 17647.35 1 142 1 148:32
143 17652.27 1 143 1 102:32
144 17665.44 1 144 1 120:32
145 17724.98 1 145 1 27:32
146 17759.82 1 146 1 119:32
147 18086.05 1 147 1 188:32
148 18468.74 1 148 1 187:32
149 18492.87 1 149 1 85:32
150 18621.66 1 150 1 195:32
151 18796.86 1 151 1 52:32
152 18817.41 1 152 1 68:32
153 18966.23 1 153 1 65:32
154 19244.2 1 154 1 170:32
155 19272.21 1 155 1 61:32
156 19322.5 1 156 1 199:32
157 19501.21 1 157 1 103:32
158 19642.49 1 158 1 19:32
159 19693.85 1 159 1 63:32
160 19899.09 1 160 1 208:32
161 19934.36 1 161 1 132:32
162 20035.0 1 162 1 183:32
163 20035.27 1 163 1 163:32
164 20121.29 1 164 1 32:32
165 20129.34 1 165 1 179:32
166 20162.92 1 166 1 165:32
167 20248.46 1 167 1 2:32
168 20493.85 1 168 1 130:32
169 20506.57 1 169 1 17:32
170 20703.96 1 170 1 88:32
171 21077.19 1 171 1 57:32
172 21082.44 1 172 1 180:32
173 21296.28 1 173 1 18:32
174 21343.95 1 174 1 0:32
175 21407.06 1 175 1 95:32
176 21451.81 1 176 1 86:32
177 21654.98 1 177 1 202:32
178 21882.79 1 178 1 204:32
179 21903.67 1 179 1 73:32
180 22010.72 1 180 1 70:32
181 22062.29 1 181 1 77:32
182 22074.85 1 182 1 47:32
183 22162.11 1 183 1 135:32
184 22204.65 1 184 1 214:32
185 22532.05 1 185 1 64:32
186 22576.81 1 186 1 138:32
187 22669.48 1 187 1 11:32
188 22669.48 1 188 1 92:32
189 22709.15 1 189 1 45:32
190 22730.12 1 190 1 22:32
191 22843.45 1 191 1 43:32
192 23271.33 1 192 1 97:32
193 23382.2 1 193 1 160:32
194 23398.42 1 194 1 192:32
195 23416.72 1 195 1 186:32
196 23473.23 1 196 1 144:32
197 23522.78 1 197 1 207:32
198 23529.13 1 198 1 69:32
199 23590.1 1 199 1 174:32
200 23615.63 1 200 1 173:32
201 23796.38 1 201 1 113:32
202 24024.17 1 202 1 172:32
203 24252.46 1 203 1 166:32
204 24280.58 1 204 1 190:32
205 24311.06 1 205 1 51:32
206 24468.65 1 206 1 87:32
207 24540.94 1 207 1 99:32
208 24687.28 1 208 1 78:32
209 24744.74 1 209 1 140:32
210 24823.82 1 210 1 139:32
211 25446.18 1 211 1 90:32
212 25511.5 1 212 1 141:32
213 26387.56 1 213 1 67:32
214 26480.11 1 214 1 89:32
215 26492.66 1 215 1 196:32
